    0.0000    23.3981     8.9656    19.0344    11.1635    19.4544    16.0071    13.4570    14.1760
   23.3981     0.0000     9.8352    20.9569    12.7003    19.8891    19.3010    19.1232    16.2227
    8.9656     9.8352     0.0000     8.6518     7.0616     7.4550     9.6304    11.1592     7.6596
   19.0344    20.9569     8.6518     0.0000    15.0482    19.0819    24.1054    16.3168    23.8715
   11.1635    12.7003     7.0616    15.0482     0.0000    13.3343    14.5307    14.3374    14.6312
   19.4544    19.8891     7.4550    19.0819    13.3343     0.0000    15.9732    11.7265    15.3711
   16.0071    19.3010     9.6304    24.1054    14.5307    15.9732     0.0000    18.5103    20.5511
   13.4570    19.1232    11.1592    16.3168    14.3374    11.7265    18.5103     0.0000    14.7860
   14.1760    16.2227     7.6596    23.8715    14.6312    15.3711    20.5511    14.7860     0.0000
