0.000000000000000000e+00 3.095091660657095338e-03 -9.269496072249229501e-03 7.970663925373360631e-03 -2.877926273924422476e-03 -7.517265733169228858e-04 8.258755928347806183e-04 1.228923292054941684e-03 1.140722195478931916e-03 -3.095091660657095338e-03 0.000000000000000000e+00 -6.979807621457807809e-02 3.005488841526832849e-02 -9.877444345207755591e-03 4.097982505561811178e-03 2.046319129313741575e-03 -1.437193374240414503e-03 2.719865709320708203e-04 9.269496072249229501e-03 6.979807621457807809e-02 0.000000000000000000e+00 -8.157285013476697766e-02 9.651001786118926229e-05 2.089832146086335538e-03 2.836431670019106538e-03 -3.855430872527210173e-04 2.139845379564427226e-03 -7.970663925373360631e-03 -3.005488841526832849e-02 8.157285013476697766e-02 0.000000000000000000e+00 -3.131627772605859172e-02 7.327661256747129703e-04 -8.922142564787023666e-03 3.724480253374663763e-03 2.257074058629000499e-04 2.877926273924422476e-03 9.877444345207755591e-03 -9.651001786118926229e-05 3.131627772605859172e-02 0.000000000000000000e+00 -2.786558401265355756e-03 3.538805538422694352e-03 -4.709714562853361403e-03 -1.521280986365470926e-03 7.517265733169228858e-04 -4.097982505561811178e-03 -2.089832146086335538e-03 -7.327661256747129703e-04 2.786558401265355756e-03 0.000000000000000000e+00 -1.142818740283516737e-02 1.006562636668883320e-03 3.419989725553402964e-03 -8.258755928347806183e-04 -2.046319129313741575e-03 -2.836431670019106538e-03 8.922142564787023666e-03 -3.538805538422694352e-03 1.142818740283516737e-02 0.000000000000000000e+00 4.342565403165421674e-03 -1.788808333321788378e-03 -1.228923292054941684e-03 1.437193374240414503e-03 3.855430872527210173e-04 -3.724480253374663763e-03 4.709714562853361403e-03 -1.006562636668883320e-03 -4.342565403165421674e-03 0.000000000000000000e+00 -2.985553643569482593e-03 -1.140722195478931916e-03 -2.719865709320708203e-04 -2.139845379564427226e-03 -2.257074058629000499e-04 1.521280986365470926e-03 -3.419989725553402964e-03 1.788808333321788378e-03 2.985553643569482593e-03 0.000000000000000000e+00
0.000000000000000000e+00 3.494946783442808534e-03 -8.997584970787713549e-03 7.690690936726824606e-03 -2.934789331187718023e-03 -9.417007204446659063e-04 9.108386601257680362e-04 1.343921095857754551e-03 1.105694632285011622e-03 -3.494946783442808534e-03 0.000000000000000000e+00 -6.589080438431579867e-02 2.430577677528696426e-02 -9.790274231970003821e-03 4.514342636073550782e-03 2.096950666740783446e-03 -1.458549576186473490e-03 3.440427560819289687e-04 8.997584970787713549e-03 6.589080438431579867e-02 0.000000000000000000e+00 -6.703937811104072886e-02 1.620877285741198666e-04 1.981942232567122236e-03 2.726701071845499813e-03 1.867604178654447278e-04 2.079622772592283272e-03 -7.690690936726824606e-03 -2.430577677528696426e-02 6.703937811104072886e-02 0.000000000000000000e+00 -3.322538595289195595e-02 5.619760283880250590e-04 -8.740453122838880151e-03 3.587695940432161085e-03 1.745558505936387755e-04 2.934789331187718023e-03 9.790274231970003821e-03 -1.620877285741198666e-04 3.322538595289195595e-02 0.000000000000000000e+00 -2.670018981140775960e-03 4.040797563095426675e-03 -4.387945465610419878e-03 -1.585776940691675276e-03 9.417007204446659063e-04 -4.514342636073550782e-03 -1.981942232567122236e-03 -5.619760283880250590e-04 2.670018981140775960e-03 0.000000000000000000e+00 -1.053586442803314781e-02 1.670238932869442389e-03 3.400363397778815092e-03 -9.108386601257680362e-04 -2.096950666740783446e-03 -2.726701071845499813e-03 8.740453122838880151e-03 -4.040797563095426675e-03 1.053586442803314781e-02 0.000000000000000000e+00 3.834292851537078259e-03 -1.669071676335533855e-03 -1.343921095857754551e-03 1.458549576186473490e-03 -1.867604178654447278e-04 -3.587695940432161085e-03 4.387945465610419878e-03 -1.670238932869442389e-03 -3.834292851537078259e-03 0.000000000000000000e+00 -3.038006486000695196e-03 -1.105694632285011622e-03 -3.440427560819289687e-04 -2.079622772592283272e-03 -1.745558505936387755e-04 1.585776940691675276e-03 -3.400363397778815092e-03 1.669071676335533855e-03 3.038006486000695196e-03 0.000000000000000000e+00
0.000000000000000000e+00 1.066372766219582033e-03 -9.354096295317661930e-03 7.750161311030363126e-03 -2.553822570847148060e-03 -1.547785616960603572e-03 1.228170211961101231e-03 1.481949122407883075e-03 1.068692203698469109e-03 -1.066372766219582033e-03 0.000000000000000000e+00 -6.210311044364370120e-02 1.881618341182667367e-02 -9.158781817086712046e-03 4.566725745960975927e-03 1.998784031228279488e-03 -1.354760135602966348e-03 3.969996330714792299e-04 9.354096295317661930e-03 6.210311044364370120e-02 0.000000000000000000e+00 -5.168821956243482146e-02 2.169032925279350960e-04 2.111921908308453735e-03 2.761593161778215511e-03 1.098849010733343734e-03 2.005541078981598613e-03 -7.750161311030363126e-03 -1.881618341182667367e-02 5.168821956243482146e-02 0.000000000000000000e+00 -3.334542824883494211e-02 2.134007718065968062e-04 -8.194793650394473217e-03 3.729735860801785402e-03 1.176659203163824344e-04 2.553822570847148060e-03 9.158781817086712046e-03 -2.169032925279350960e-04 3.334542824883494211e-02 0.000000000000000000e+00 -2.884130859209407122e-03 4.724139896865299504e-03 -3.760519041196883940e-03 -1.665357183563352574e-03 1.547785616960603572e-03 -4.566725745960975927e-03 -2.111921908308453735e-03 -2.134007718065968062e-04 2.884130859209407122e-03 0.000000000000000000e+00 -1.143259567974485962e-02 2.797660502061566357e-03 3.388213463857296485e-03 -1.228170211961101231e-03 -1.998784031228279488e-03 -2.761593161778215511e-03 8.194793650394473217e-03 -4.724139896865299504e-03 1.143259567974485962e-02 0.000000000000000000e+00 5.120219197967105021e-03 -1.547763675871704266e-03 -1.481949122407883075e-03 1.354760135602966348e-03 -1.098849010733343734e-03 -3.729735860801785402e-03 3.760519041196883940e-03 -2.797660502061566357e-03 -5.120219197967105021e-03 0.000000000000000000e+00 -3.087741447460150713e-03 -1.068692203698469109e-03 -3.969996330714792299e-04 -2.005541078981598613e-03 -1.176659203163824344e-04 1.665357183563352574e-03 -3.388213463857296485e-03 1.547763675871704266e-03 3.087741447460150713e-03 0.000000000000000000e+00
0.000000000000000000e+00 3.496419801679075297e-03 -8.493063352396915816e-03 7.277542859650294217e-03 -3.061356324716144051e-03 -1.430741684619971088e-03 1.157167422680754724e-03 1.599043652055506023e-03 1.012871333598461612e-03 -3.496419801679075297e-03 0.000000000000000000e+00 -5.850058814174495525e-02 1.576611077527193677e-02 -9.547842696610481933e-03 5.193048053481343074e-03 2.135362228006591929e-03 -1.328328257494846773e-03 5.001145666112052912e-04 8.493063352396915816e-03 5.850058814174495525e-02 0.000000000000000000e+00 -4.660356192885455745e-02 -1.292165198924248234e-04 1.762203022914795442e-03 2.661957300542342267e-03 1.179054058838661934e-03 1.972018489755029795e-03 -7.277542859650294217e-03 -1.576611077527193677e-02 4.660356192885455745e-02 0.000000000000000000e+00 -3.759365360998535854e-02 1.798263066077332439e-04 -8.270349881862912311e-03 3.518805589508608445e-03 1.772949193497444856e-04 3.061356324716144051e-03 9.547842696610481933e-03 1.292165198924248234e-04 3.759365360998535854e-02 0.000000000000000000e+00 -2.668905367317588734e-03 5.171132025583266567e-03 -3.478790061859792296e-03 -1.612885138043094416e-03 1.430741684619971088e-03 -5.193048053481343074e-03 -1.762203022914795442e-03 -1.798263066077332439e-04 2.668905367317588734e-03 0.000000000000000000e+00 -9.458104988343112376e-03 2.937688150224319894e-03 3.441180374677608230e-03 -1.157167422680754724e-03 -2.135362228006591929e-03 -2.661957300542342267e-03 8.270349881862912311e-03 -5.171132025583266567e-03 9.458104988343112376e-03 0.000000000000000000e+00 2.515736336903127979e-03 -1.429530907880557445e-03 -1.599043652055506023e-03 1.328328257494846773e-03 -1.179054058838661934e-03 -3.518805589508608445e-03 3.478790061859792296e-03 -2.937688150224319894e-03 -2.515736336903127979e-03 0.000000000000000000e+00 -3.123653027293814451e-03 -1.012871333598461612e-03 -5.001145666112052912e-04 -1.972018489755029795e-03 -1.772949193497444856e-04 1.612885138043094416e-03 -3.441180374677608230e-03 1.429530907880557445e-03 3.123653027293814451e-03 0.000000000000000000e+00
0.000000000000000000e+00 4.197291744649103359e-03 -8.092913164431819045e-03 6.698605177637846110e-03 -3.293707145644584819e-03 -1.564831353515226675e-03 1.203757336750497023e-03 1.735712623060762204e-03 9.784963316401065758e-04 -4.197291744649103359e-03 0.000000000000000000e+00 -5.354572463741960608e-02 1.234988317056044324e-02 -9.455603917803095601e-03 5.508261690862138737e-03 2.100861583621556339e-03 -1.184593919653290431e-03 5.755397645688838104e-04 8.092913164431819045e-03 5.354572463741960608e-02 0.000000000000000000e+00 -3.983967350829187987e-02 4.704277364132739350e-05 1.597696075309120931e-03 2.641529850196611996e-03 1.502902142796934404e-03 1.932532242528610736e-03 -6.698605177637846110e-03 -1.234988317056044324e-02 3.983967350829187987e-02 0.000000000000000000e+00 -4.013484133753164596e-02 6.864383783880718959e-05 -8.181020462965989115e-03 3.459575055090070850e-03 2.718699638002766705e-04 3.293707145644584819e-03 9.455603917803095601e-03 -4.704277364132739350e-05 4.013484133753164596e-02 0.000000000000000000e+00 -2.528007053329402176e-03 5.700764692692671110e-03 -3.216304668798086915e-03 -1.525422230939989590e-03 1.564831353515226675e-03 -5.508261690862138737e-03 -1.597696075309120931e-03 -6.864383783880718959e-05 2.528007053329402176e-03 0.000000000000000000e+00 -9.023432583808450869e-03 3.382283636376878094e-03 3.536861664543197465e-03 -1.203757336750497023e-03 -2.100861583621556339e-03 -2.641529850196611996e-03 8.181020462965989115e-03 -5.700764692692671110e-03 9.023432583808450869e-03 0.000000000000000000e+00 2.101515098549617232e-03 -1.286300853248270202e-03 -1.735712623060762204e-03 1.184593919653290431e-03 -1.502902142796934404e-03 -3.459575055090070850e-03 3.216304668798086915e-03 -3.382283636376878094e-03 -2.101515098549617232e-03 0.000000000000000000e+00 -3.173504582998584907e-03 -9.784963316401065758e-04 -5.755397645688838104e-04 -1.932532242528610736e-03 -2.718699638002766705e-04 1.525422230939989590e-03 -3.536861664543197465e-03 1.286300853248270202e-03 3.173504582998584907e-03 0.000000000000000000e+00
0.000000000000000000e+00 5.260305121297897783e-03 -7.696609510844425010e-03 6.390277537511264427e-03 -3.537932715112130679e-03 -1.718536675403628533e-03 1.269879428936904892e-03 1.867971725894922684e-03 9.419007958491251720e-04 -5.260305121297897783e-03 0.000000000000000000e+00 -4.980568188050234213e-02 9.943869363544520154e-03 -9.552594679974765052e-03 5.919680495485074925e-03 2.141531852166474875e-03 -1.059045884554432951e-03 6.322501199908757419e-04 7.696609510844425010e-03 4.980568188050234213e-02 0.000000000000000000e+00 -3.437284976917605317e-02 -6.227519075148370969e-05 1.383840352998592926e-03 2.652407372631422101e-03 1.763113493238994967e-03 1.878851642217640137e-03 -6.390277537511264427e-03 -9.943869363544520154e-03 3.437284976917605317e-02 0.000000000000000000e+00 -4.356448759135480436e-02 -3.557565921018246424e-05 -8.010298443357821707e-03 3.429888819512290354e-03 3.726062577831873099e-04 3.537932715112130679e-03 9.552594679974765052e-03 6.227519075148370969e-05 4.356448759135480436e-02 0.000000000000000000e+00 -2.452429862639902980e-03 6.236942179799594144e-03 -2.855746852162335640e-03 -1.435946728366918439e-03 1.718536675403628533e-03 -5.919680495485074925e-03 -1.383840352998592926e-03 3.557565921018246424e-05 2.452429862639902980e-03 0.000000000000000000e+00 -8.152045511782618145e-03 3.707939158046524158e-03 3.630824810097977792e-03 -1.269879428936904892e-03 -2.141531852166474875e-03 -2.652407372631422101e-03 8.010298443357821707e-03 -6.236942179799594144e-03 8.152045511782618145e-03 0.000000000000000000e+00 7.917423698453043487e-04 -1.119195832802413748e-03 -1.867971725894922684e-03 1.059045884554432951e-03 -1.763113493238994967e-03 -3.429888819512290354e-03 2.855746852162335640e-03 -3.707939158046524158e-03 -7.917423698453043487e-04 0.000000000000000000e+00 -3.222589867851208094e-03 -9.419007958491251720e-04 -6.322501199908757419e-04 -1.878851642217640137e-03 -3.726062577831873099e-04 1.435946728366918439e-03 -3.630824810097977792e-03 1.119195832802413748e-03 3.222589867851208094e-03 0.000000000000000000e+00
0.000000000000000000e+00 4.824690034442342609e-03 -7.533165653100533377e-03 6.065819361172620529e-03 -3.631720230796869203e-03 -2.011782312282654750e-03 1.386398106135031810e-03 2.002845490580138638e-03 9.291125038695356719e-04 -4.824690034442342609e-03 0.000000000000000000e+00 -4.395089369509668636e-02 7.363044385057377489e-03 -9.182717575788149761e-03 6.007426752325139424e-03 2.024925375490187890e-03 -8.216956263834840346e-04 6.508402311954583630e-04 7.533165653100533377e-03 4.395089369509668636e-02 0.000000000000000000e+00 -2.806989638856294267e-02 4.237119818777624822e-04 1.328178070063799551e-03 2.662834276870647277e-03 2.173667835439110907e-03 1.796663987346807170e-03 -6.065819361172620529e-03 -7.363044385057377489e-03 2.806989638856294267e-02 0.000000000000000000e+00 -4.542828195542369940e-02 -2.119113643494173471e-04 -7.563255791234430037e-03 3.503409700772276009e-03 5.064698389271628243e-04 3.631720230796869203e-03 9.182717575788149761e-03 -4.237119818777624822e-04 4.542828195542369940e-02 0.000000000000000000e+00 -2.430560495418686989e-03 6.780071313670588129e-03 -2.672628554267027917e-03 -1.325879857808113897e-03 2.011782312282654750e-03 -6.007426752325139424e-03 -1.328178070063799551e-03 2.119113643494173471e-04 2.430560495418686989e-03 0.000000000000000000e+00 -8.160040203960040178e-03 4.071077955274997329e-03 3.751468965332753393e-03 -1.386398106135031810e-03 -2.024925375490187890e-03 -2.662834276870647277e-03 7.563255791234430037e-03 -6.780071313670588129e-03 8.160040203960040178e-03 0.000000000000000000e+00 9.095412131155606109e-04 -9.095433063350435565e-04 -2.002845490580138638e-03 8.216956263834840346e-04 -2.173667835439110907e-03 -3.503409700772276009e-03 2.672628554267027917e-03 -4.071077955274997329e-03 -9.095412131155606109e-04 0.000000000000000000e+00 -3.283751496895855743e-03 -9.291125038695356719e-04 -6.508402311954583630e-04 -1.796663987346807170e-03 -5.064698389271628243e-04 1.325879857808113897e-03 -3.751468965332753393e-03 9.095433063350435565e-04 3.283751496895855743e-03 0.000000000000000000e+00
0.000000000000000000e+00 6.032482049486910698e-03 -7.046626446569691227e-03 5.597754653707390227e-03 -3.982272904979251502e-03 -2.124266758210105466e-03 1.418048244303802760e-03 2.122373289648231062e-03 9.501179710079687979e-04 -6.032482049486910698e-03 0.000000000000000000e+00 -4.003580981523508636e-02 5.797998307309803860e-03 -9.238516321542562110e-03 6.326776603789113426e-03 2.043262614490108653e-03 -6.625212142389383385e-04 6.177985448196331164e-04 7.046626446569691227e-03 4.003580981523508636e-02 0.000000000000000000e+00 -2.455357619702487268e-02 4.512941621383366984e-04 1.147681384582734804e-03 2.675712858239830128e-03 2.344447085583636903e-03 1.711541118529876469e-03 -5.597754653707390227e-03 -5.797998307309803860e-03 2.455357619702487268e-02 0.000000000000000000e+00 -4.927616536004472692e-02 -3.092906691014550569e-04 -7.304623664092367574e-03 3.500821430211489144e-03 6.811534777382919487e-04 3.982272904979251502e-03 9.238516321542562110e-03 -4.512941621383366984e-04 4.927616536004472692e-02 0.000000000000000000e+00 -2.347568459138069108e-03 7.293326971733224418e-03 -2.396812891997343077e-03 -1.163714148489621361e-03 2.124266758210105466e-03 -6.326776603789113426e-03 -1.147681384582734804e-03 3.092906691014550569e-04 2.347568459138069108e-03 0.000000000000000000e+00 -7.502877868650781323e-03 4.279047131437320461e-03 3.894027818693324497e-03 -1.418048244303802760e-03 -2.043262614490108653e-03 -2.675712858239830128e-03 7.304623664092367574e-03 -7.293326971733224418e-03 7.502877868650781323e-03 0.000000000000000000e+00 -3.125366721670706782e-04 -6.630459866074514628e-04 -2.122373289648231062e-03 6.625212142389383385e-04 -2.344447085583636903e-03 -3.500821430211489144e-03 2.396812891997343077e-03 -4.279047131437320461e-03 3.125366721670706782e-04 0.000000000000000000e+00 -3.347598239827812364e-03 -9.501179710079687979e-04 -6.177985448196331164e-04 -1.711541118529876469e-03 -6.811534777382919487e-04 1.163714148489621361e-03 -3.894027818693324497e-03 6.630459866074514628e-04 3.347598239827812364e-03 0.000000000000000000e+00
0.000000000000000000e+00 6.333847855493974360e-03 -6.917434809529344683e-03 5.104221252893940096e-03 -4.195681697710151523e-03 -2.352749393831232716e-03 1.502520557715457394e-03 2.248192131172246228e-03 1.001676100437014563e-03 -6.333847855493974360e-03 0.000000000000000000e+00 -3.479580831268413998e-02 3.998761511096040472e-03 -8.917953752255446467e-03 6.439970682925710496e-03 1.938759819280497579e-03 -4.174247028553412092e-04 5.188723174516275682e-04 6.917434809529344683e-03 3.479580831268413998e-02 0.000000000000000000e+00 -2.029828693845606158e-02 9.505240440953318867e-04 1.079176652119668428e-03 2.716804037021316315e-03 2.637830182809927648e-03 1.559925233996667729e-03 -5.104221252893940096e-03 -3.998761511096040472e-03 2.029828693845606158e-02 0.000000000000000000e+00 -5.192325363072618216e-02 -4.357374584423832908e-04 -6.879921055275350916e-03 3.566172505161349648e-03 8.515887756352542859e-04 4.195681697710151523e-03 8.917953752255446467e-03 -9.505240440953318867e-04 5.192325363072618216e-02 0.000000000000000000e+00 -2.252142822383316340e-03 7.802158975813950487e-03 -2.289830587633333130e-03 -1.033828607568079705e-03 2.352749393831232716e-03 -6.439970682925710496e-03 -1.079176652119668428e-03 4.357374584423832908e-04 2.252142822383316340e-03 0.000000000000000000e+00 -7.344194257581164800e-03 4.529014279006676746e-03 4.013469030288378120e-03 -1.502520557715457394e-03 -1.938759819280497579e-03 -2.716804037021316315e-03 6.879921055275350916e-03 -7.802158975813950487e-03 7.344194257581164800e-03 0.000000000000000000e+00 -4.593498955999192682e-04 -3.514974492411025286e-04 -2.248192131172246228e-03 4.174247028553412092e-04 -2.637830182809927648e-03 -3.566172505161349648e-03 2.289830587633333130e-03 -4.529014279006676746e-03 4.593498955999192682e-04 0.000000000000000000e+00 -3.413884804558545930e-03 -1.001676100437014563e-03 -5.188723174516275682e-04 -1.559925233996667729e-03 -8.515887756352542859e-04 1.033828607568079705e-03 -4.013469030288378120e-03 3.514974492411025286e-04 3.413884804558545930e-03 0.000000000000000000e+00
0.000000000000000000e+00 7.326916922337826932e-03 -6.391620643704310108e-03 4.598785767019487186e-03 -4.539785703422680521e-03 -2.504254845406971020e-03 1.535138603836186909e-03 2.362534635100532396e-03 1.065863630478664295e-03 -7.326916922337826932e-03 0.000000000000000000e+00 -3.083313983014668996e-02 2.804910376636070291e-03 -8.821992087896655954e-03 6.625265803562336436e-03 1.906543039758410232e-03 -2.343299700817459696e-04 3.606422545203991081e-04 6.391620643704310108e-03 3.083313983014668996e-02 0.000000000000000000e+00 -1.741630939711362805e-02 1.281964962239187222e-03 9.842747257484685264e-04 2.747430329024636887e-03 2.812652153071519556e-03 1.354627868349807598e-03 -4.598785767019487186e-03 -2.804910376636070291e-03 1.741630939711362805e-02 0.000000000000000000e+00 -5.566559274439551730e-02 -5.451065658921370322e-04 -6.481716501209724979e-03 3.598134881035882499e-03 1.008257877928131485e-03 4.539785703422680521e-03 8.821992087896655954e-03 -1.281964962239187222e-03 5.566559274439551730e-02 0.000000000000000000e+00 -2.175251800830696469e-03 8.290967076323464691e-03 -2.153611813888027006e-03 -9.241359581878636625e-04 2.504254845406971020e-03 -6.625265803562336436e-03 -9.842747257484685264e-04 5.451065658921370322e-04 2.175251800830696469e-03 0.000000000000000000e+00 -6.933305020692391227e-03 4.606621952974555151e-03 4.088909577591183162e-03 -1.535138603836186909e-03 -1.906543039758410232e-03 -2.747430329024636887e-03 6.481716501209724979e-03 -8.290967076323464691e-03 6.933305020692391227e-03 0.000000000000000000e+00 -1.345671991406410632e-03 4.854233824385300808e-06 -2.362534635100532396e-03 2.343299700817459696e-04 -2.812652153071519556e-03 -3.598134881035882499e-03 2.153611813888027006e-03 -4.606621952974555151e-03 1.345671991406410632e-03 0.000000000000000000e+00 -3.465036906822247399e-03 -1.065863630478664295e-03 -3.606422545203991081e-04 -1.354627868349807598e-03 -1.008257877928131485e-03 9.241359581878636625e-04 -4.088909577591183162e-03 -4.854233824385300808e-06 3.465036906822247399e-03 0.000000000000000000e+00
0.000000000000000000e+00 8.044529610258690719e-03 -5.865975491775916699e-03 4.094675299832243112e-03 -4.884463381776838788e-03 -2.653635614754658312e-03 1.568227880502663998e-03 2.466205369071264829e-03 1.062190281036564862e-03 -8.044529610258690719e-03 0.000000000000000000e+00 -2.737042038541099426e-02 1.810235321376673853e-03 -8.643172187830745062e-03 6.732503146902659233e-03 1.858512946337497612e-03 -4.144940391706541938e-05 2.128388324369422102e-04 5.865975491775916699e-03 2.737042038541099426e-02 0.000000000000000000e+00 -1.461230737202205351e-02 1.560676668321014839e-03 9.144608886442386758e-04 2.780048436296958005e-03 2.992203379507087785e-03 1.063826492466815946e-03 -4.094675299832243112e-03 -1.810235321376673853e-03 1.461230737202205351e-02 0.000000000000000000e+00 -5.946916245983200483e-02 -6.785495161972122241e-04 -5.895172861641991002e-03 3.664262947738691073e-03 1.094520524044448329e-03 4.884463381776838788e-03 8.643172187830745062e-03 -1.560676668321014839e-03 5.946916245983200483e-02 0.000000000000000000e+00 -2.117345508067709076e-03 8.750765122267373936e-03 -2.010241029481342999e-03 -9.127738383983251269e-04 2.653635614754658312e-03 -6.732503146902659233e-03 -9.144608886442386758e-04 6.785495161972122241e-04 2.117345508067709076e-03 0.000000000000000000e+00 -6.492150779330385299e-03 4.699137350304874450e-03 4.055521942435947290e-03 -1.568227880502663998e-03 -1.858512946337497612e-03 -2.780048436296958005e-03 5.895172861641991002e-03 -8.750765122267373936e-03 6.492150779330385299e-03 0.000000000000000000e+00 -2.421626383090637845e-03 3.886990788202472581e-04 -2.466205369071264829e-03 4.144940391706541938e-05 -2.992203379507087785e-03 -3.664262947738691073e-03 2.010241029481342999e-03 -4.699137350304874450e-03 2.421626383090637845e-03 0.000000000000000000e+00 -3.484475156832202939e-03 -1.062190281036564862e-03 -2.128388324369422102e-04 -1.063826492466815946e-03 -1.094520524044448329e-03 9.127738383983251269e-04 -4.055521942435947290e-03 -3.886990788202472581e-04 3.484475156832202939e-03 0.000000000000000000e+00
0.000000000000000000e+00 7.847382197462109132e-03 -5.319330032902118248e-03 3.568602005127471943e-03 -5.059549905687508488e-03 -3.012002946660739117e-03 1.676728954273715329e-03 2.579418892625624446e-03 9.915493529034490744e-04 -7.847382197462109132e-03 0.000000000000000000e+00 -2.241592981420416006e-02 5.070730726211836181e-04 -8.082322309842741165e-03 6.642782608024202021e-03 1.696248873721049530e-03 2.103189250482855044e-04 1.089393030481739660e-04 5.319330032902118248e-03 2.241592981420416006e-02 0.000000000000000000e+00 -1.127670942760266269e-02 2.516852895760628844e-03 1.088398406054857243e-03 2.821477381417037897e-03 3.381397484814425980e-03 7.069778149609434736e-04 -3.568602005127471943e-03 -5.070730726211836181e-04 1.127670942760266269e-02 0.000000000000000000e+00 -6.182017244715466708e-02 -8.710402443788418242e-04 -5.323559630241843366e-03 3.780740736483888947e-03 1.125511390250046734e-03 5.059549905687508488e-03 8.082322309842741165e-03 -2.516852895760628844e-03 6.182017244715466708e-02 0.000000000000000000e+00 -2.097216410816959281e-03 9.221314675513136300e-03 -2.090587095852138380e-03 -9.783505782664080747e-04 3.012002946660739117e-03 -6.642782608024202021e-03 -1.088398406054857243e-03 8.710402443788418242e-04 2.097216410816959281e-03 0.000000000000000000e+00 -7.177806486510424078e-03 4.763118085507920402e-03 3.940348628618249235e-03 -1.676728954273715329e-03 -1.696248873721049530e-03 -2.821477381417037897e-03 5.323559630241843366e-03 -9.221314675513136300e-03 7.177806486510424078e-03 0.000000000000000000e+00 -1.632828344333221021e-03 7.935960702423468065e-04 -2.579418892625624446e-03 -2.103189250482855044e-04 -3.381397484814425980e-03 -3.780740736483888947e-03 2.090587095852138380e-03 -4.763118085507920402e-03 1.632828344333221021e-03 0.000000000000000000e+00 -3.471496352630238508e-03 -9.915493529034490744e-04 -1.089393030481739660e-04 -7.069778149609434736e-04 -1.125511390250046734e-03 9.783505782664080747e-04 -3.940348628618249235e-03 -7.935960702423468065e-04 3.471496352630238508e-03 0.000000000000000000e+00
0.000000000000000000e+00 1.195788551293124231e-02 -5.135811758883175593e-03 2.621443727791011695e-03 -5.627761202270899904e-03 -2.856530536793390473e-03 1.544266486172916029e-03 2.664431043928769567e-03 7.355931382640908123e-04 -1.195788551293124231e-02 0.000000000000000000e+00 -2.016143295989113182e-02 -4.867697754232236385e-05 -8.250927041788980176e-03 7.091125938700508155e-03 1.752205949416213784e-03 2.861864512419994011e-04 1.643337257212027641e-04 5.135811758883175593e-03 2.016143295989113182e-02 0.000000000000000000e+00 -1.008051024799670042e-02 3.157866517496955502e-03 7.707377410900197179e-04 2.911882679651710965e-03 3.158623378241239704e-03 3.722201555606281104e-04 -2.621443727791011695e-03 4.867697754232236385e-05 1.008051024799670042e-02 0.000000000000000000e+00 -6.704001163113051942e-02 -7.045103264212773664e-04 -5.176513124698703394e-03 3.573487241736627434e-03 1.138347510008052774e-03 5.627761202270899904e-03 8.250927041788980176e-03 -3.157866517496955502e-03 6.704001163113051942e-02 0.000000000000000000e+00 -1.686173350173058097e-03 9.585719012425312005e-03 -2.265381688982730582e-03 -1.071618765176753432e-03 2.856530536793390473e-03 -7.091125938700508155e-03 -7.707377410900197179e-04 7.045103264212773664e-04 1.686173350173058097e-03 0.000000000000000000e+00 -5.424350768116493679e-03 4.492809251727840347e-03 3.736841515507804273e-03 -1.544266486172916029e-03 -1.752205949416213784e-03 -2.911882679651710965e-03 5.176513124698703394e-03 -9.585719012425312005e-03 5.424350768116493679e-03 0.000000000000000000e+00 -3.885551444807693391e-03 1.121325182624464435e-03 -2.664431043928769567e-03 -2.861864512419994011e-04 -3.158623378241239704e-03 -3.573487241736627434e-03 2.265381688982730582e-03 -4.492809251727840347e-03 3.885551444807693391e-03 0.000000000000000000e+00 -3.403973492956339619e-03 -7.355931382640908123e-04 -1.643337257212027641e-04 -3.722201555606281104e-04 -1.138347510008052774e-03 1.071618765176753432e-03 -3.736841515507804273e-03 -1.121325182624464435e-03 3.403973492956339619e-03 0.000000000000000000e+00
0.000000000000000000e+00 1.149786182168530124e-02 -4.242547169918235023e-03 2.123527282058132980e-03 -5.821017509426336563e-03 -3.192265505107941270e-03 1.639761866162205324e-03 2.748997587321560729e-03 4.233824093169301014e-04 -1.149786182168530124e-02 0.000000000000000000e+00 -1.688659049041525695e-02 -8.090768489171264177e-04 -7.693558810321824912e-03 6.902580824435476659e-03 1.618740607942852766e-03 5.105125305036317673e-04 2.994114381718506607e-04 4.242547169918235023e-03 1.688659049041525695e-02 0.000000000000000000e+00 -7.093511135412798423e-03 3.777321330080002544e-03 9.973156717428856288e-04 2.934721667082187610e-03 3.539571365202807268e-03 6.422040844520672531e-05 -2.123527282058132980e-03 8.090768489171264177e-04 7.093511135412798423e-03 0.000000000000000000e+00 -6.967440508799947751e-02 -9.663199209846880244e-04 -4.249431094063477188e-03 3.732607774587743538e-03 1.146809285342853882e-03 5.821017509426336563e-03 7.693558810321824912e-03 -3.777321330080002544e-03 6.967440508799947751e-02 0.000000000000000000e+00 -1.743285011544018145e-03 9.953776801519520143e-03 -2.243505218650213191e-03 -1.154517139646850377e-03 3.192265505107941270e-03 -6.902580824435476659e-03 -9.973156717428856288e-04 9.663199209846880244e-04 1.743285011544018145e-03 0.000000000000000000e+00 -6.027817275025975502e-03 4.568553887820729631e-03 3.550532026534330629e-03 -1.639761866162205324e-03 -1.618740607942852766e-03 -2.934721667082187610e-03 4.249431094063477188e-03 -9.953776801519520143e-03 6.027817275025975502e-03 0.000000000000000000e+00 -3.892997932140580472e-03 1.426904379115382206e-03 -2.748997587321560729e-03 -5.105125305036317673e-04 -3.539571365202807268e-03 -3.732607774587743538e-03 2.243505218650213191e-03 -4.568553887820729631e-03 3.892997932140580472e-03 0.000000000000000000e+00 -3.331235735736630139e-03 -4.233824093169301014e-04 -2.994114381718506607e-04 -6.422040844520672531e-05 -1.146809285342853882e-03 1.154517139646850377e-03 -3.550532026534330629e-03 -1.426904379115382206e-03 3.331235735736630139e-03 0.000000000000000000e+00
0.000000000000000000e+00 1.310192641084924683e-02 -3.660060656617617619e-03 1.395123625980542424e-03 -6.116311875431909399e-03 -3.336453652718989610e-03 1.637024166740221401e-03 2.817502785561115664e-03 9.869283510021299027e-05 -1.310192641084924683e-02 0.000000000000000000e+00 -1.420912717343379705e-02 -1.369779460319612077e-03 -7.321836871501635584e-03 6.929215756901020012e-03 1.545630436847742969e-03 6.649818160711813697e-04 4.719894421014760033e-04 3.660060656617617619e-03 1.420912717343379705e-02 0.000000000000000000e+00 -4.709285215682490651e-03 4.636324634753418925e-03 1.058051081744362104e-03 2.992391937779880287e-03 3.684274890897457772e-03 -1.706905884707021065e-04 -1.395123625980542424e-03 1.369779460319612077e-03 4.709285215682490651e-03 0.000000000000000000e+00 -7.271067804922237698e-02 -1.026522930784376855e-03 -3.588805547425549802e-03 3.711584718924149789e-03 1.191228460651370252e-03 6.116311875431909399e-03 7.321836871501635584e-03 -4.636324634753418925e-03 7.271067804922237698e-02 0.000000000000000000e+00 -1.580699796842761559e-03 1.024411157101056714e-02 -2.413872776405981239e-03 -1.198799333710975912e-03 3.336453652718989610e-03 -6.929215756901020012e-03 -1.058051081744362104e-03 1.026522930784376855e-03 1.580699796842761559e-03 0.000000000000000000e+00 -5.766430621919690566e-03 4.453081441655088596e-03 3.399376624260213794e-03 -1.637024166740221401e-03 -1.545630436847742969e-03 -2.992391937779880287e-03 3.588805547425549802e-03 -1.024411157101056714e-02 5.766430621919690566e-03 0.000000000000000000e+00 -4.617602552299833636e-03 1.664930404851350590e-03 -2.817502785561115664e-03 -6.649818160711813697e-04 -3.684274890897457772e-03 -3.711584718924149789e-03 2.413872776405981239e-03 -4.453081441655088596e-03 4.617602552299833636e-03 0.000000000000000000e+00 -3.248130584826377544e-03 -9.869283510021299027e-05 -4.719894421014760033e-04 1.706905884707021065e-04 -1.191228460651370252e-03 1.198799333710975912e-03 -3.399376624260213794e-03 -1.664930404851350590e-03 3.248130584826377544e-03 0.000000000000000000e+00
0.000000000000000000e+00 1.466262863625309928e-02 -2.916847733859466441e-03 6.546843802365254206e-04 -6.362388143559407488e-03 -3.505475956497916545e-03 1.639447499622796733e-03 2.875190043996005747e-03 -1.895913883439639958e-04 -1.466262863625309928e-02 0.000000000000000000e+00 -1.178987758536475042e-02 -1.833025901733327176e-03 -6.900487652788842366e-03 6.906143742704444824e-03 1.466781177509670492e-03 8.133932028672047343e-04 6.360201347275530603e-04 2.916847733859466441e-03 1.178987758536475042e-02 0.000000000000000000e+00 -2.305424825969494551e-03 5.520743120788410355e-03 1.178337128558741564e-03 3.042128020180759687e-03 3.861285509158277063e-03 -3.504382429477103517e-04 -6.546843802365254206e-04 1.833025901733327176e-03 2.305424825969494551e-03 0.000000000000000000e+00 -7.530578335778841115e-02 -1.109041227199432725e-03 -2.846013177753077550e-03 3.695565258264336614e-03 1.258863765507472338e-03 6.362388143559407488e-03 6.900487652788842366e-03 -5.520743120788410355e-03 7.530578335778841115e-02 0.000000000000000000e+00 -1.442019376805585978e-03 1.047454155023099832e-02 -2.595137306424802164e-03 -1.213513652362840228e-03 3.505475956497916545e-03 -6.906143742704444824e-03 -1.178337128558741564e-03 1.109041227199432725e-03 1.442019376805585978e-03 0.000000000000000000e+00 -5.660834412475557187e-03 4.321826864049679862e-03 3.297563557885151153e-03 -1.639447499622796733e-03 -1.466781177509670492e-03 -3.042128020180759687e-03 2.846013177753077550e-03 -1.047454155023099832e-02 5.660834412475557187e-03 0.000000000000000000e+00 -5.323694519973153419e-03 1.857627766763425906e-03 -2.875190043996005747e-03 -8.133932028672047343e-04 -3.861285509158277063e-03 -3.695565258264336614e-03 2.595137306424802164e-03 -4.321826864049679862e-03 5.323694519973153419e-03 0.000000000000000000e+00 -3.170616725863747380e-03 1.895913883439639958e-04 -6.360201347275530603e-04 3.504382429477103517e-04 -1.258863765507472338e-03 1.213513652362840228e-03 -3.297563557885151153e-03 -1.857627766763425906e-03 3.170616725863747380e-03 0.000000000000000000e+00
0.000000000000000000e+00 1.650259213431815725e-02 -2.173611392122182587e-03 -1.275283391504091618e-04 -6.565352376877865714e-03 -3.668560532802091906e-03 1.630028021142429333e-03 2.917232569966019765e-03 -4.309808935176952412e-04 -1.650259213431815725e-02 0.000000000000000000e+00 -9.481898965957928985e-03 -2.200390338994532083e-03 -6.430627576796920514e-03 6.856417180537740207e-03 1.379598173612035447e-03 9.522803404962698615e-04 7.760918550057090484e-04 2.173611392122182587e-03 9.481898965957928985e-03 0.000000000000000000e+00 2.800317376475732617e-04 6.481554091659934465e-03 1.328844585277402096e-03 3.091366881671317457e-03 4.037090366339198683e-03 -4.883007577577026109e-04 1.275283391504091618e-04 2.200390338994532083e-03 -2.800317376475732617e-04 0.000000000000000000e+00 -7.712164548747549309e-02 -1.168499608167743523e-03 -2.058113880143687402e-03 3.646699874527771154e-03 1.340467511442865189e-03 6.565352376877865714e-03 6.430627576796920514e-03 -6.481554091659934465e-03 7.712164548747549309e-02 0.000000000000000000e+00 -1.282098073381934822e-03 1.061274831103969397e-02 -2.829282907332513614e-03 -1.220385611943127294e-03 3.668560532802091906e-03 -6.856417180537740207e-03 -1.328844585277402096e-03 1.168499608167743523e-03 1.282098073381934822e-03 0.000000000000000000e+00 -5.567271654689748966e-03 4.170145489264715649e-03 3.235899744515265825e-03 -1.630028021142429333e-03 -1.379598173612035447e-03 -3.091366881671317457e-03 2.058113880143687402e-03 -1.061274831103969397e-02 5.567271654689748966e-03 0.000000000000000000e+00 -6.014706857124135428e-03 2.013890400662745554e-03 -2.917232569966019765e-03 -9.522803404962698615e-04 -4.037090366339198683e-03 -3.646699874527771154e-03 2.829282907332513614e-03 -4.170145489264715649e-03 6.014706857124135428e-03 0.000000000000000000e+00 -3.101458637896755462e-03 4.309808935176952412e-04 -7.760918550057090484e-04 4.883007577577026109e-04 -1.340467511442865189e-03 1.220385611943127294e-03 -3.235899744515265825e-03 -2.013890400662745554e-03 3.101458637896755462e-03 0.000000000000000000e+00
0.000000000000000000e+00 1.912999361230670325e-02 -1.383796627878249030e-03 -9.585201563486293874e-04 -6.732330064969023128e-03 -3.795359872322393024e-03 1.600419259425596950e-03 2.946003875897660815e-03 -6.264934168627119861e-04 -1.912999361230670325e-02 0.000000000000000000e+00 -7.621874605476095313e-03 -2.412359739085176077e-03 -6.038158845432224295e-03 6.868019341168194770e-03 1.329085265641792232e-03 1.057551948519978163e-03 8.854847983900421965e-04 1.383796627878249030e-03 7.621874605476095313e-03 0.000000000000000000e+00 2.723866635645844254e-03 7.452407019255733595e-03 1.457327544735346689e-03 3.153016171334965118e-03 4.155013013713550196e-03 -5.937372335813526081e-04 9.585201563486293874e-04 2.412359739085176077e-03 -2.723866635645844254e-03 0.000000000000000000e+00 -7.832773366274611848e-02 -1.181064279399344705e-03 -1.352744824113676081e-03 3.543374501226732171e-03 1.433488412225037215e-03 6.732330064969023128e-03 6.038158845432224295e-03 -7.452407019255733595e-03 7.832773366274611848e-02 0.000000000000000000e+00 -1.086169016272701612e-03 1.069479707512451493e-02 -3.089524603087478137e-03 -1.225386259404936951e-03 3.795359872322393024e-03 -6.868019341168194770e-03 -1.457327544735346689e-03 1.181064279399344705e-03 1.086169016272701612e-03 0.000000000000000000e+00 -5.316460129024173573e-03 3.958504683534303653e-03 3.206348112745008132e-03 -1.600419259425596950e-03 -1.329085265641792232e-03 -3.153016171334965118e-03 1.352744824113676081e-03 -1.069479707512451493e-02 5.316460129024173573e-03 0.000000000000000000e+00 -7.031688701981655444e-03 2.137469369431243757e-03 -2.946003875897660815e-03 -1.057551948519978163e-03 -4.155013013713550196e-03 -3.543374501226732171e-03 3.089524603087478137e-03 -3.958504683534303653e-03 7.031688701981655444e-03 0.000000000000000000e+00 -3.039253729882130002e-03 6.264934168627119861e-04 -8.854847983900421965e-04 5.937372335813526081e-04 -1.433488412225037215e-03 1.225386259404936951e-03 -3.206348112745008132e-03 -2.137469369431243757e-03 3.039253729882130002e-03 0.000000000000000000e+00
0.000000000000000000e+00 2.120770046699491790e-02 -4.894589298047400533e-04 -1.731570662987296991e-03 -6.804579490611924186e-03 -3.989657576728665445e-03 1.591734103625363529e-03 2.956720229402155179e-03 -7.806619989990477501e-04 -2.120770046699491790e-02 0.000000000000000000e+00 -5.516117722496536625e-03 -2.624591378315608778e-03 -5.449560031533039195e-03 6.711026972622235499e-03 1.214872269379484518e-03 1.191412886047543696e-03 9.704930000938765192e-04 4.894589298047400533e-04 5.516117722496536625e-03 0.000000000000000000e+00 5.744753003344743765e-03 8.466854307379837949e-03 1.706223684834419843e-03 3.182577379505774698e-03 4.390196384581705746e-03 -6.827779779601528265e-04 1.731570662987296991e-03 2.624591378315608778e-03 -5.744753003344743765e-03 0.000000000000000000e+00 -7.831607529027673209e-02 -1.239593425666389928e-03 -4.458000791101729421e-04 3.471969994087411443e-03 1.523039783651725446e-03 6.804579490611924186e-03 5.449560031533039195e-03 -8.466854307379837949e-03 7.831607529027673209e-02 0.000000000000000000e+00 -9.401395112494225631e-04 1.063123668238738148e-02 -3.371477076341823816e-03 -1.247865048429688123e-03 3.989657576728665445e-03 -6.711026972622235499e-03 -1.706223684834419843e-03 1.239593425666389928e-03 9.401395112494225631e-04 0.000000000000000000e+00 -5.414225015536709013e-03 3.801409885569335262e-03 3.197748098861013383e-03 -1.591734103625363529e-03 -1.214872269379484518e-03 -3.182577379505774698e-03 4.458000791101729421e-04 -1.063123668238738148e-02 5.414225015536709013e-03 0.000000000000000000e+00 -7.653555079512616363e-03 2.247911605303497869e-03 -2.956720229402155179e-03 -1.191412886047543696e-03 -4.390196384581705746e-03 -3.471969994087411443e-03 3.371477076341823816e-03 -3.801409885569335262e-03 7.653555079512616363e-03 0.000000000000000000e+00 -2.989052935022760461e-03 7.806619989990477501e-04 -9.704930000938765192e-04 6.827779779601528265e-04 -1.523039783651725446e-03 1.247865048429688123e-03 -3.197748098861013383e-03 -2.247911605303497869e-03 2.989052935022760461e-03 0.000000000000000000e+00
